0.0054216 0.11349 0.040749 -0.104912 -0.884444 -0.454699
-0.0017447 0.11425 0.041273 -0.104847 -0.884469 -0.454667
-0.010661 0.11338 0.040916 -0.075478 -0.904665 -0.419385
0.026422 0.11499 0.032623 -0.0307682 -0.900786 -0.433172
0.024545 0.12284 0.024255 0.0045096 -0.890171 -0.455604
0.034137 0.11316 0.02507 0.00460895 -0.890074 -0.455792
0.02886 0.11773 0.027037 0.0671158 -0.896955 -0.436998
0.02675 0.12234 0.017605 0.0700038 -0.899709 -0.430839
0.03575 0.1123 0.019109 0.0700011 -0.899714 -0.43083
0.015982 0.12307 0.031279 0.0702952 -0.902079 -0.425809
0.0079813 0.12438 0.032798 0.0703766 -0.902076 -0.4258
0.018101 0.11674 0.035493 0.0817551 -0.904177 -0.419262
0.0086687 0.11758 0.037538 0.0817978 -0.904173 -0.419261
0.01808 0.12536 0.026132 0.0928933 -0.899604 -0.426712
0.0080861 0.12866 0.02619 -0.593223 -0.309044 -0.743356
0.02275 0.12146 0.029671 -0.615798 -0.310238 -0.724255
-0.0018689 0.12456 0.033184 0.158384 -0.882444 -0.442953
-0.011168 0.12376 0.032519 -0.593221 -0.309047 -0.743357
-0.0020063 0.11937 0.038104 0.158581 -0.882332 -0.443105
-0.01232 0.11816 0.037427 -0.593225 -0.309047 -0.743354
-0.0016659 0.12879 0.026782 -0.56419 -0.304465 -0.767457
-0.011971 0.12723 0.026219 0.395097 -0.824764 -0.404552
0.016484 0.12828 0.01928 0.395053 -0.824797 -0.404529
0.0070921 0.13103 0.018415 -0.554603 -0.291915 -0.779231
0.0014615 0.13134 0.017095 0.246673 -0.878556 -0.409014
-0.013821 0.12886 0.019265 -0.534748 -0.296381 -0.791329
-0.01725 0.11202 0.040077 -0.565399 -0.316354 -0.761737
-0.074556 0.13415 0.051046 0.383818 -0.826243 -0.412318
-0.065971 0.14396 0.04109 -0.508389 -0.261422 -0.820487
-0.071925 0.14545 0.043266 0.386578 -0.830998 -0.400001
-0.06551 0.13624 0.042195 -0.55122 -0.2404 -0.798977
-0.071112 0.13767 0.047518 -0.496208 -0.26534 -0.826663
-0.079528 0.13416 0.051194 -0.496205 -0.265347 -0.826663
-0.080421 0.14428 0.042793 -0.536711 -0.247135 -0.806763
-0.082672 0.1378 0.046806 -0.504441 -0.307197 -0.806951
-0.08813 0.13514 0.042222 -0.504444 -0.307187 -0.806952
-0.066325 0.12347 0.050729 0.374815 -0.769211 -0.517521
-0.072399 0.12662 0.052364 -0.535207 -0.245668 -0.808208
-0.066091 0.11973 0.050881 -0.50444 -0.307201 -0.806949
-0.072012 0.11811 0.052295 -0.495157 -0.254077 -0.830822
-0.062433 0.12627 0.043831 0.369272 -0.81078 -0.454174
-0.068326 0.12998 0.048875 -0.49061 -0.264412 -0.830294
-0.063094 0.11811 0.044399 -0.486566 -0.233197 -0.841946
-0.071301 0.11322 0.04841 -0.490751 -0.241459 -0.837174
-0.080515 0.12741 0.052034 -0.436038 -0.23394 -0.868989
-0.078179 0.1191 0.051116 -0.438489 -0.241837 -0.865588
-0.085216 0.12609 0.049001 -0.400087 -0.328991 -0.855392
-0.089538 0.12621 0.044589 -0.429018 -0.237207 -0.871595
-0.082659 0.11661 0.04797 0.190554 -0.672654 -0.715
-0.089536 0.11784 0.04457 -0.146209 -0.459587 -0.876015
-0.0565 0.15248 0.030132 -0.400087 -0.328991 -0.855392
-0.055517 0.15313 0.026915 -0.438449 -0.242272 -0.865486
-0.03625 0.17198 0.00017688 -0.435968 -0.230968 -0.86982
-0.03775 0.17198 0.00022189 -0.435959 -0.230986 -0.869819
-0.03625 0.16935 0.00051958 -0.427003 -0.25928 -0.866281
-0.033176 0.15711 0.0018682 -0.0449136 -0.635129 0.771099
-0.051913 0.1545 0.011273 -0.29669 -0.328452 -0.896713
-0.041707 0.16642 0.0030522 0.152957 -0.87022 -0.468316
-0.049468 0.16414 0.0041988 -0.442594 -0.468666 -0.764502
-0.041892 0.15669 0.0054879 -0.35988 -0.500464 -0.787414
-0.051224 0.15878 0.0080283 0.899518 -0.340831 0.273316
-0.062417 0.15317 0.033161 0.793259 0.547105 -0.267237
-0.07167 0.15319 0.033701 0.113722 -0.886983 -0.44758
-0.062543 0.15524 0.027405 0.963766 -0.235984 0.124362
-0.07211 0.1555 0.027645 0.8907 -0.298614 0.342757
-0.078663 0.15269 0.032268 0.606405 0.505347 -0.61392
-0.081569 0.15374 0.026085 -0.896452 -0.298328 -0.327679
-0.08725 0.1523 0.022135 -0.465637 -0.528682 -0.709702
-0.05725 0.15568 0.010325 0.0419579 -0.843112 -0.536098
-0.057888 0.1575 0.0073225 0.966493 -0.0700181 -0.246959
-0.0885 0.15223 0.019215 -0.842622 -0.304563 -0.444105
-0.056129 0.14616 0.03085 0.986754 -0.139072 0.0835245
-0.054705 0.13555 0.032127 -0.157117 -0.818706 -0.552299
-0.054144 0.14714 0.026275 0.964177 -0.262804 0.0360044
-0.046625 0.13234 0.021909 0.96941 -0.189415 -0.156097
-0.05139 0.13694 0.025787 0.966492 -0.0700085 -0.246964
-0.018278 0.12238 0.030773 -0.373061 -0.663659 -0.648368
-0.021656 0.11643 0.035209 0.702919 0.425082 -0.570271
-0.031921 0.11566 0.032851 0.98449 -0.155516 -0.0812003
-0.021348 0.12421 0.024562 -0.612952 -0.470402 -0.634832
-0.03241 0.12349 0.023293 -0.843519 -0.289512 -0.452391
-0.024869 0.12094 0.028745 -0.867775 -0.291618 -0.402401
-0.031747 0.12039 0.028229 -0.362014 -0.627071 -0.68973
-0.052912 0.12686 0.034968 -0.636015 -0.468582 -0.61312
-0.041672 0.11564 0.032998 -0.707571 -0.204799 -0.676314
-0.052037 0.1168 0.034582 0.701838 0.573175 -0.422959
-0.042495 0.12488 0.024082 -0.765508 -0.218747 -0.605101
-0.047946 0.12736 0.028108 -0.757994 -0.219216 -0.61432
-0.042421 0.12035 0.028633 0.77392 0.471645 -0.422611
-0.047661 0.12024 0.028871 0.859725 0.242899 -0.449302
-0.035964 0.1513 0.0005395 -0.86647 -0.330879 -0.373831
-0.050598 0.1474 0.013881 0.840703 0.211952 -0.498292
-0.046375 0.13293 0.018289 -0.807782 -0.413052 -0.420567
-0.049125 0.13856 0.016269 -0.524237 -0.707995 -0.4732
-0.042976 0.14915 0.0054003 -0.0865193 -0.664215 -0.742518
-0.047965 0.14659 0.0086783 -0.0445494 -0.858851 -0.510284
-0.022926 0.1263 0.018077 -0.520779 -0.0366701 -0.852903
-0.031583 0.1259 0.017804 0.720666 0.469271 -0.510319
-0.041733 0.12796 0.01665 0.636863 0.571174 -0.517847
-0.061482 0.14698 0.036168 0.835244 0.325432 -0.44324
-0.071729 0.15026 0.038328 0.858807 0.25562 -0.44397
-0.060526 0.1368 0.035999 0.865777 0.222404 -0.448293
-0.082619 0.14823 0.035955 0.973028 0.151644 -0.173844
-0.087824 0.14449 0.033779 0.0612208 -0.724477 -0.686574
-0.089 0.13828 0.037774 -0.10901 -0.812744 -0.572332
-0.085662 0.15095 0.028208 -0.56358 -0.519893 -0.641942
-0.089601 0.14725 0.025869 -0.490742 0.0449602 -0.870144
-0.090681 0.13748 0.02369 -0.427603 -0.0114726 -0.903894
-0.058722 0.12924 0.038992 0.680652 0.511811 -0.524178
-0.060075 0.11512 0.037685 -0.736959 -0.186114 -0.64981
-0.091812 0.12767 0.038703 -0.78803 -0.490219 -0.372416
-0.091727 0.11657 0.039619 0.135018 -0.800442 -0.584006
-0.093164 0.12721 0.025211 -0.307097 -0.751288 -0.584172
-0.093938 0.12067 0.024399 0.916934 -0.307182 -0.254696
-0.091583 0.14522 0.01986 0.855511 -0.399052 -0.329938
-0.090929 0.13667 0.019817 0.590757 -0.675087 -0.441887
-0.093094 0.11635 0.018959 0.724904 0.490959 -0.483191
0.024948 0.10286 0.041418 -0.757683 -0.214524 -0.616357
0.0336 0.092627 0.040463 0.828537 0.234888 -0.508285
0.02742 0.096386 0.043312 0.690305 0.545413 -0.475398
0.03392 0.086911 0.041034 -0.572598 -0.473309 -0.66941
0.028156 0.086837 0.045084 -0.522287 0.0445792 -0.851604
0.03381 0.078604 0.040854 0.650393 0.490095 -0.580341
0.028125 0.076874 0.045059 0.823363 0.231732 -0.518047
0.0145 0.093279 0.05088 -0.840758 -0.267807 -0.470537
0.0074817 0.09473 0.052315 0.829601 0.241514 -0.503421
0.017407 0.10535 0.043139 0.517035 -0.696587 -0.497434
0.0079536 0.10633 0.042968 -0.770519 -0.208206 -0.602454
0.018511 0.097194 0.047253 -0.0406464 -0.646872 -0.761514
0.0086436 0.099323 0.048079 0.837444 -0.398951 -0.373531
-0.0020197 0.095698 0.053906 -0.604689 0.0463951 -0.79511
-0.011446 0.095169 0.053862 -0.698892 -0.133208 -0.702713
-0.001875 0.10691 0.043455 -0.806305 -0.222825 -0.547924
-0.011875 0.10688 0.043019 0.958468 0.173962 -0.225998
-0.0017622 0.10071 0.046648 -0.454551 -0.673338 -0.583094
-0.012498 0.10008 0.045916 -0.287411 -0.544234 -0.788165
0.016381 0.085894 0.051642 0.0778574 -0.713749 -0.696061
0.0081167 0.08691 0.055228 -0.525675 0.28444 -0.801723
0.017644 0.076955 0.052372 -0.573587 0.113072 -0.811303
0.008125 0.076853 0.055536 0.606987 0.583187 -0.53987
0.020575 0.088169 0.049006 0.732885 0.416045 -0.538318
0.022445 0.075721 0.049563 0.682875 0.300241 -0.665985
-0.0017931 0.086849 0.056843 -0.698695 -0.500862 -0.510845
-0.011943 0.086771 0.057009 0.982237 0.00557521 -0.18756
-0.0019567 0.076863 0.057803 -0.649546 -0.460708 -0.604845
-0.011875 0.076964 0.057022 0.599366 -0.600866 -0.528885
0.03325 0.067541 0.040033 -0.516646 0.314969 -0.796161
0.028149 0.066829 0.042953 0.658758 0.316944 -0.682338
0.026761 0.057829 0.042588 0.668331 0.461388 -0.583485
0.023571 0.04746 0.040428 -0.681318 -0.0302484 -0.731362
0.015832 0.067418 0.051639 0.785948 0.241103 -0.569347
0.0080431 0.066902 0.055006 -0.813501 -0.29642 -0.500352
0.013984 0.058886 0.050416 -0.746539 -0.424779 -0.512095
0.0080973 0.056888 0.05295 -0.328687 -0.689985 -0.644892
0.020566 0.065958 0.0483 0.114972 -0.76112 -0.63834
0.018594 0.056539 0.047879 0.00994854 -0.753803 -0.657025
0.012875 0.052652 0.049689 -0.104006 -0.756587 -0.645569
-0.0017852 0.066712 0.056503 -0.660389 -0.477285 -0.579729
-0.011785 0.066885 0.055015 0.257066 -0.836601 -0.483752
-0.001875 0.056597 0.05441 -0.599583 -0.540527 -0.590196
-0.01184 0.057054 0.052714 0.73317 0.254765 -0.630521
-0.015688 0.052469 0.049615 -0.571344 -0.579708 -0.580951
0.0066154 0.04993 0.051259 0.0357883 -0.897501 -0.439557
0.018088 0.046655 0.043321 -0.342118 -0.762783 -0.548742
0.008841 0.045437 0.046623 -0.526498 0.279614 -0.80288
0.017688 0.039719 0.043084 -0.660289 0.020208 -0.75074
0.008125 0.039516 0.045374 0.617781 0.518771 -0.590951
-0.0016111 0.049844 0.05172 -0.750197 -0.156975 -0.642311
-0.01245 0.046773 0.050903 -0.787981 -0.212465 -0.57788
-0.013851 0.039778 0.051036 -0.331919 -0.440836 -0.833962
-0.0020294 0.044874 0.047587 -0.227939 -0.496793 -0.837401
-0.011653 0.04686 0.048661 -0.0134992 -0.60001 -0.799879
-0.0018611 0.039606 0.047339 0.0745999 -0.638391 -0.766089
-0.0091545 0.03958 0.049415 -0.487136 -0.412421 -0.76981
0.043661 0.094028 0.02252 0.415889 -0.678792 -0.605208
0.034642 0.10473 0.031831 -0.520779 0.293773 -0.801553
0.028343 0.1072 0.036339 0.727393 0.0720229 -0.682431
0.036339 0.096552 0.034843 -0.597977 0.100882 -0.795139
0.031733 0.099372 0.038505 -0.608702 0.105281 -0.786382
0.036998 0.10668 0.026781 0.589043 0.421664 -0.689368
0.032875 0.11108 0.02959 -0.638432 -0.491698 -0.592147
0.040938 0.097132 0.026663 -0.399256 -0.657941 -0.638521
0.044153 0.086466 0.024241 0.118591 -0.699055 -0.705165
0.05375 0.072221 0.020429 -0.639672 -0.491887 -0.590649
0.04516 0.076574 0.023594 -0.548297 -0.581636 -0.600891
0.038036 0.086663 0.035459 -0.556006 0.199527 -0.806875
0.037861 0.076625 0.035658 -0.577419 0.121529 -0.807352
0.042216 0.087237 0.028254 -0.588335 0.129657 -0.798155
0.042355 0.076747 0.02858 -0.684657 -0.401083 -0.608586
0.043875 0.096228 0.015269 -0.276801 -0.673221 -0.685678
0.044375 0.096797 0.0086445 0.596966 0.412643 -0.68801
0.039545 0.1061 0.017655 0.678551 0.376659 -0.630632
0.042313 0.10009 0.017237 0.544921 0.290405 -0.786591
0.045406 0.087417 0.015604 -0.482318 -0.580892 -0.655694
0.055118 0.072639 0.017944 -0.147174 -0.540764 -0.828199
0.048722 0.07376 0.017434 0.0140927 -0.609281 -0.792829
0.045917 0.086298 0.0094211 0.102219 -0.697848 -0.708915
0.019433 0.1096 0.039063 -0.154326 -0.681747 -0.715125
0.01097 0.11058 0.039648 -0.63753 -0.401414 -0.657589
0.046657 0.057153 0.031337 0.18566 -0.769871 -0.610597
0.056079 0.066335 0.024122 0.850564 -0.303245 -0.429632
0.048168 0.06701 0.026298 -0.59902 0.155884 -0.785414
0.056055 0.057253 0.024902 0.635704 0.239101 -0.733969
0.051163 0.056662 0.029137 0.00108865 -0.697346 -0.716734
0.036914 0.067032 0.036122 0.541826 -0.568138 -0.61939
0.033 0.06472 0.039903 -0.00650785 -0.850393 -0.526108
0.038004 0.056507 0.033119 -0.373644 -0.729619 -0.572753
0.030629 0.054915 0.038484 -0.523148 0.324584 -0.788011
0.041875 0.066383 0.028357 0.552014 -0.0474499 -0.832484
0.041434 0.06088 0.029632 0.732248 0.217219 -0.645468
0.044921 0.049904 0.031243 -0.743874 -0.274928 -0.609153
0.054635 0.050167 0.022044 -0.347043 -0.348018 -0.870887
0.04828 0.04737 0.025845 -0.553523 -0.295178 -0.778769
0.037973 0.048347 0.031456 -0.533901 0.29351 -0.79297
0.028053 0.047061 0.035991 0.485458 0.340286 -0.805317
0.025595 0.040346 0.03415 -0.711493 -0.112071 -0.693699
0.038455 0.043509 0.028278 -0.74532 -0.193589 -0.637982
0.032031 0.043278 0.029253 0.134418 -0.629044 -0.76566
0.036581 0.040335 0.025144 -0.342249 -0.611609 -0.713302
0.03019 0.039321 0.026847 -0.515666 -0.41257 -0.750916
0.059333 0.067891 0.017361 0.340393 -0.704241 -0.623039
0.0465 0.071452 0.01971 0.6245 -0.0719926 -0.777699
0.059562 0.057747 0.01834 0.366311 0.232381 -0.901008
0.055636 0.049199 0.019173 -0.621074 0.109715 -0.776035
0.0505 0.045064 0.019181 0.529043 0.399005 -0.748938
0.023 0.047803 0.039776 -0.583591 -0.452656 -0.674185
0.022389 0.03886 0.038795 -0.379888 -0.661929 -0.64617
-0.019545 0.0939 0.052205 0.817927 -0.184538 -0.544923
-0.021462 0.10618 0.042059 0.788531 0.12643 -0.601859
-0.031027 0.10395 0.041228 0.395663 -0.0503928 -0.917012
-0.022521 0.097723 0.045194 0.324852 0.280047 -0.903352
-0.031858 0.097026 0.043878 -0.0808127 -0.509565 -0.856629
-0.043262 0.10412 0.040891 0.0468292 -0.552212 -0.832387
-0.052154 0.10404 0.040972 -0.385439 -0.039957 -0.921868
-0.041875 0.096944 0.042424 -0.185369 -0.629363 -0.754679
-0.051919 0.096967 0.043563 0.128031 -0.65736 -0.742621
-0.021489 0.086672 0.054767 0.630309 -0.421038 -0.652255
-0.027 0.083087 0.050284 -0.460698 0.386475 -0.798996
-0.02107 0.077249 0.054365 0.307832 -0.194398 -0.931369
-0.026011 0.089634 0.048981 -0.555905 0.221519 -0.801186
-0.031893 0.087035 0.044169 0.343293 -0.0154106 -0.939102
-0.025625 0.074892 0.047102 0.438682 0.0501412 -0.897243
-0.03197 0.0769 0.042177 0.479909 0.35667 -0.801545
-0.041824 0.086954 0.043295 0.590815 0.24854 -0.767571
-0.051825 0.086844 0.044933 0.532675 0.226938 -0.815326
-0.041918 0.076728 0.042564 -0.624277 -0.3569 -0.694911
-0.051849 0.076877 0.042992 -0.211346 0.063451 -0.97535
-0.061339 0.10393 0.041164 -0.241599 -0.228494 -0.943091
-0.072672 0.10976 0.044294 0.00619013 -0.678003 -0.735033
-0.061784 0.096825 0.043327 0.799251 0.0184464 -0.600713
-0.070058 0.096203 0.041397 -0.56733 -0.227395 -0.791472
-0.080439 0.11091 0.044343 0.056223 -0.742117 -0.667908
-0.061927 0.086724 0.04452 -0.490259 0.30998 -0.814591
-0.070344 0.087352 0.041908 0.333055 -0.227303 -0.9151
-0.06141 0.077489 0.042178 0.388302 -0.150412 -0.909174
-0.068579 0.080144 0.041024 0.397998 0.12756 -0.908475
-0.019045 0.067732 0.052388 0.385667 0.0322268 -0.922075
-0.017742 0.058909 0.050809 -0.610901 0.130172 -0.780932
-0.023548 0.066382 0.045226 -0.411787 -0.519903 -0.74842
-0.03399 0.067795 0.040929 0.140598 -0.571278 -0.808625
-0.02169 0.056549 0.045164 -0.249247 -0.567074 -0.78505
-0.036111 0.060706 0.040407 0.780673 0.270585 -0.563324
-0.041231 0.066951 0.041392 -0.488822 0.318994 -0.81197
-0.048588 0.070956 0.040357 0.353448 -0.0612059 -0.93345
-0.0403 0.059465 0.040446 0.367553 -0.046993 -0.928814
-0.02192 0.044965 0.052258 0.383296 0.0752783 -0.920553
-0.029187 0.043585 0.051088 -0.615603 0.0838221 -0.783586
-0.021919 0.039826 0.053521 0.311145 0.222995 -0.92383
-0.030331 0.039749 0.052133 -0.684919 -0.0464564 -0.727137
-0.021998 0.049847 0.046725 -0.668525 -0.263169 -0.695569
-0.031911 0.046848 0.045187 -0.125276 -0.141792 -0.981937
-0.035276 0.039753 0.047529 -0.0670916 -0.324806 -0.943398
-0.042016 0.044823 0.041594 0.149217 -0.598273 -0.787276
-0.05194 0.044707 0.043498 0.109884 -0.614548 -0.781189
-0.041928 0.039327 0.043582 -0.117674 -0.619339 -0.776255
-0.051857 0.039252 0.046212 0.318949 -0.328701 -0.888947
-0.059453 0.04424 0.042862 0.333571 0.102882 -0.937094
-0.060765 0.039087 0.044363 0.459627 0.327078 -0.825689
-0.024273 0.11038 0.039129 -0.689891 -0.144429 -0.709359
-0.032379 0.10878 0.037952 0.47148 0.210049 -0.856496
-0.041152 0.10853 0.037969 0.314729 0.241099 -0.918051
-0.051698 0.10906 0.038258 -0.502816 -0.413564 -0.759039
-0.062091 0.10877 0.038274 -0.0982469 0.0565423 -0.993554
-0.071655 0.10596 0.037516 0.16373 -0.45643 -0.874565
-0.074634 0.097746 0.038347 -0.00981793 -0.631251 -0.775516
-0.07912 0.10508 0.032308 -0.282663 -0.540551 -0.792405
-0.080203 0.096758 0.033592 0.382153 -0.250077 -0.889618
-0.08378 0.10568 0.025985 -0.545859 0.215856 -0.809595
-0.087292 0.10314 0.020825 -0.589753 0.133033 -0.796551
-0.08521 0.097079 0.02781 0.229525 0.241736 -0.942805
-0.088082 0.096456 0.022985 0.249889 0.172578 -0.952771
-0.07516 0.08604 0.038816 0.333216 0.11939 -0.935261
-0.064577 0.073455 0.03897 0.356436 0.374958 -0.85578
-0.072279 0.076416 0.036413 0.106745 -0.299718 -0.948037
-0.076375 0.072563 0.02873 0.184155 -0.532384 -0.826229
-0.080031 0.087076 0.03429 -0.189902 -0.534453 -0.823588
-0.078919 0.079371 0.032477 0.530325 -0.401813 -0.746526
-0.084834 0.086686 0.026974 -0.360791 -0.361567 -0.859709
-0.087891 0.089233 0.022611 0.256726 -0.600727 -0.757112
-0.081048 0.077169 0.025829 0.29802 -0.38743 -0.8724
-0.086393 0.10784 0.018635 -0.448906 0.388276 -0.804814
-0.087672 0.10492 0.017264 0.326028 -0.327989 -0.886639
-0.089333 0.098483 0.01761 -0.453034 0.359608 -0.815747
-0.086375 0.083067 0.018607 0.135039 0.01351 -0.990748
-0.089179 0.089186 0.018947 0.10364 0.13808 -0.984984
-0.082879 0.076109 0.017794 0.0334227 -0.123301 -0.991806
-0.0825 0.074674 0.0071175 -0.555343 -0.316361 -0.769097
-0.026437 0.064141 0.039321 0.185036 -0.339422 -0.922255
-0.030035 0.06613 0.038942 -0.336466 -0.477029 -0.811933
-0.026131 0.056531 0.038882 0.131376 -0.544498 -0.828409
-0.031664 0.056657 0.037742 -0.0209044 -0.543299 -0.839279
-0.045716 0.064541 0.039166 -0.404223 -0.162232 -0.900158
-0.051959 0.066869 0.036733 -0.050944 -0.615396 -0.78657
-0.042557 0.055545 0.039026 0.270857 -0.512209 -0.815033
-0.049406 0.056892 0.034344 0.269523 0.180679 -0.945892
-0.0555 0.062391 0.029498 0.153426 0.0645265 -0.986051
-0.05375 0.058574 0.026313 0.296515 -0.0615469 -0.953043
-0.03406 0.050137 0.038577 0.215718 0.326124 -0.920385
-0.041741 0.04959 0.03929 0.497296 0.338506 -0.798818
-0.050975 0.049435 0.036965 0.692785 0.285678 -0.662146
-0.053 0.051065 0.029209 -0.361945 0.0295934 -0.93173
-0.054145 0.054568 0.012257 0.720248 -0.00189557 -0.693714
-0.055848 0.05417 0.0083272 -0.322141 0.418425 -0.849203
-0.054844 0.049295 0.011462 0.277397 -0.211445 -0.937199
-0.05615 0.050619 0.0092929 0.326961 0.0300994 -0.944558
-0.061451 0.068257 0.035376 0.398083 0.0489929 -0.91604
-0.069725 0.069958 0.032788 -0.595868 0.00831155 -0.80304
-0.062823 0.063322 0.026886 -0.608316 -0.171753 -0.774889
-0.071037 0.066787 0.025228 0.240424 -0.40943 -0.880093
-0.060857 0.060568 0.022643 0.147598 -0.464631 -0.873117
-0.067 0.061558 0.020109 0.309729 -0.424439 -0.850834
-0.0782 0.071279 0.021032 -0.331564 0.390239 -0.858941
-0.062116 0.045145 0.037802 0.303423 -0.0301792 -0.952378
-0.065473 0.039513 0.037964 -0.0233027 -0.479806 -0.877065
-0.06725 0.03742 0.033413 0.38423 -0.438961 -0.812207
-0.072702 0.065008 0.018701 0.262065 -0.318977 -0.91081
-0.06145 0.059165 0.018731 -0.156567 0.278915 -0.947467
-0.0675 0.061479 0.019221 -0.109217 0.253291 -0.961205
-0.057411 0.054114 0.0038257 -0.47852 0.272377 -0.834763
-0.079222 0.070654 0.017735 0.359157 0.0951204 -0.928417
-0.062473 0.04468 0.01111 -0.379001 -0.387756 -0.840241
-0.06725 0.042258 0.010414 0.399813 0.300466 -0.86595
-0.066389 0.040515 0.01316 -0.192611 -0.418098 -0.887747
-0.068359 0.038502 0.011958 0.184429 -0.0391942 -0.982064
-0.061381 0.04748 0.007607 -0.505145 0.165417 -0.847033
-0.068559 0.043549 0.0081576 0.289018 -0.149512 -0.945576
-0.070929 0.03983 0.0085888 -0.212485 -0.421107 -0.88177
-0.016625 0.18375 -0.019735 -0.00467335 0.206074 -0.978525
-0.015198 0.17471 -0.018868 -0.300516 -0.216256 -0.928937
-0.015944 0.16264 -0.0091037 0.0188832 0.200112 -0.979591
-0.015977 0.1607 -0.0088072 0.236181 0.0787075 -0.968516
-0.013251 0.16708 -0.015264 -0.329224 0.294718 -0.89708
-0.014292 0.16098 -0.011252 -0.512634 0.0198674 -0.858377
-0.013986 0.184 -0.023739 -0.453177 -0.212149 -0.865808
-0.011633 0.17699 -0.023349 0.394518 -0.0854025 -0.914911
-0.0091029 0.16988 -0.021457 0.184429 -0.0391901 -0.982064
-0.025562 0.18273 -0.0096247 0.314434 0.0814099 -0.945782
-0.02725 0.18254 -0.0094384 -0.365674 0.241989 -0.898735
-0.025736 0.17948 -0.0089653 0.334272 -0.00909043 -0.942433
-0.031216 0.17589 -0.0051154 -0.319021 -0.324979 -0.890289
-0.020399 0.1845 -0.014943 -0.223667 0.031239 -0.974165
-0.021339 0.17645 -0.014566 -0.308473 0.024397 -0.95092
-0.027125 0.17234 -0.010156 0.144661 -0.039619 -0.988688
-0.03939 0.1733 -0.0023575 0.261691 -0.172912 -0.949536
-0.022876 0.16406 -0.0078103 -0.0826802 0.252167 -0.964145
-0.031597 0.16651 -0.0049292 -0.215225 0.310399 -0.925921
-0.0226 0.15912 -0.003799 -0.383296 0.145694 -0.912062
-0.030372 0.15767 -0.0012672 -0.386547 -0.182246 -0.904084
-0.021158 0.16849 -0.012383 0.0652858 0.172474 -0.982848
-0.027 0.1712 -0.01022 0.193328 -0.370843 -0.90835
-0.041719 0.16813 -0.00074958 -0.123487 -0.315741 -0.940775
-0.04825 0.16748 -0.00015191 0.211775 -0.303207 -0.929094
-0.03725 0.16147 -7.2628e-05 0.297864 -0.108348 -0.948439
-0.066429 0.15783 -0.0085673 -0.254287 0.242589 -0.93621
-0.071284 0.15839 -0.005998 0.192957 0.0749862 -0.978338
-0.065979 0.16288 -0.017792 0.3474 0.0888646 -0.933497
-0.071623 0.16384 -0.01576 -0.431999 -0.0171239 -0.901711
-0.066068 0.16051 -0.013567 0.234613 -0.303582 -0.923469
-0.073307 0.16049 -0.011832 -0.213831 -0.354883 -0.910129
-0.077 0.16204 -0.019241 -0.141219 0.129481 -0.981474
-0.077179 0.15851 -0.01495 -0.223641 -0.110192 -0.968423
-0.073691 0.17286 -0.037944 0.156681 -0.0503 -0.986368
-0.07755 0.17221 -0.039175 0.295532 -0.114294 -0.948471
-0.065921 0.16586 -0.025022 0.161579 -0.348313 -0.923347
-0.072095 0.16784 -0.024725 -0.01471 -0.408072 -0.912831
-0.066 0.16808 -0.030916 0.0206781 0.184759 -0.982566
-0.073448 0.17051 -0.032045 0.391436 0.0718211 -0.917398
-0.07777 0.16434 -0.025938 0.364616 -0.13385 -0.921488
-0.077893 0.16039 -0.021299 0.242043 0.100265 -0.965071
-0.078211 0.169 -0.034566 -0.241048 0.172827 -0.955001
-0.034667 0.15131 -0.00071029 -0.229679 -0.000713733 -0.973266
-0.066117 0.17353 -0.047453 -0.215953 -0.229929 -0.948945
-0.071986 0.17612 -0.045384 -0.00476807 0.130057 -0.991495
-0.06925 0.182 -0.055026 -0.0130158 -0.250193 -0.968108
-0.064992 0.17802 -0.054645 0.24248 0.0269719 -0.969782
-0.069935 0.17983 -0.051988 -0.000813881 -0.0109422 -0.99994
-0.07793 0.17516 -0.0444 0.18029 -0.201043 -0.962848
